037001002401
037001002401415
037001002401416
037001002401417
037001002401418
037001002401419
037001002401419002
037001002401419003
037001002401419004
037001002401419005
037001002401419006
037001002402
037001002404
037001002404409
037001002404410
037001002491
037001002407
%20037001002502
037001002406
037001002408
037001002408406
037001002409
037001002409404
037001002409406
037001002403
037001002411
037001002412
037001002410
037001002485
037001002485012
037001002426
037001002426427
037001002426427002
037001002426411
037001002426423
037001002426425
037001002426426
037001002504
037001002504002
037001002427
037001002427414
037001002427500
037001002427470
037001002427427
037001002427468
037001002427429
037001002427456
037001002427467
037001002427437
037001002427415
037001002427464
037001002427417
037001002427416
037001002427487
037001002427410
037001002427463
037001002427434
037001002427489
037001002427490
037001002427491
037001002427495
037001002427496
037001002427497
037001002427498
037001002427499
037001002427508
037001002427506
037001002427507
037001002427485
037001002427426
037001002427419
037001002427486
037001002427425
037001002427430
037001002427481
037001002427451
037001002427413
037001002427483
037001002427441
037001002427450
037001002427453
037001002427474
037001002427462
037001002427458
037001002427440
037001002427423
037001002427424
037001002427455
037001002427457
037001002427480
037001002427472
037001002427420
037001002427428
037001002427435
037001002427473
037001002427479
037001002427478
037001002427476
037001002427422
037001002427432
037001002427477
037001002427492
037001002427493
037001002427494
037001002427501
037001002427502
037001002427503
037001002427504
037001002427505
037001002427509
037001002427510
037001002427511
037001002427512
037001002427513
037001002427514
037001002427515
037001002427516
037001002427517
037001002428
037001002428409
037001002431
037001002431408
037001002431409
037001002431410
037001002431411
037001002431412
037001002431413
037001002431414
037001002431415
037001002432
037001002432412
037001002432413
037001002432414
037001002432415
037001002432416
037001002432417
037001002432418
037001002432419
037001002432420
037001002432421
037001002432422
037001002432423
037001002432424
037001002432425
037001002432408
037001002432407
037001002433
037001002433410
037001002433412
037001002433413
037001002433415
037001002503
037001002503002
037001002503001
037001002503003
037001002503004
037001002503005
037001002503018
037001002503017
037001002503019
037001002505
037001002505012
037001002505011
037001002505013
037001002501
037001002501404
037001002438
037001002438406
037001002438407
037001002438409
037001002507
037001002507009
037001002507008
037001002449
037001002449403
037001002449404
037001002449407
037001002449409
037001002526
037001002526002
037001002526012
037001002526011
037001002526013
037001002526014
037001002526017
037001002526016
037001002526015
037001002526010
037001002441
037001002441404
037001002441408
037001002444
037001002444407
037001002445
037001002445406
037001002490
037001002490002
037001002490007
037001002436
037001002436410
037001002436411
037001002436412
037001002520
037001002520005
037001002521
037001002521007
037001002521008
037001002521009
037001002521010
037001002521011
037001002521012
037001002521013
037001002521014
037001002521015
037001002521016
037001002521017
037001002521018
037001002521019
037001002521020
037001002525
037001002525002
037001002525003
037001002525013
037001002525014
037001002525015
037001002525016
037001002525017
037001002525018
037001002525019
037001002525020
037001002525021
037001002525022
037001002525023
037001002525024
037001002525025
037001002525026
037001002525027
037001002525029
037001002525028
037001002530
037001002530001
037001002530012
037001002530003
037001002530035
037001002530004
037001002530013
037001002530005
037001002530014
037001002530006
037001002530007
037001002530015
037001002530008
037001002530008013
037001002530016
037001002530017
037001002530018
037001002530019
037001002530020
037001002530021
037001002530022
037001002530023
037001002530024
037001002530025
037001002530009
037001002530026
037001002530010
037001002530011
037001002530034
037001002531
037001002531001
037001002543
037001002425
037001002425412
037001002516
037001002451
037001002512
037001002512001
037001002514
037001002514401
037001002453
037001002453401
037001002492
037001002494
037001002499
037001002519
037001002529
037001002489
037001002489007
037001002524
037001002465
037001002465405
037001002466
037001002467
037001002467403
037001002468
037001002470
037001002469
037001002469403
037001002469404
037001002517
037001002528
037001002471
037001002471427
037001002471428
037001002471425
037001002471426
037001002472
037001002472419
037001002472417
037001002473
037001002473422
037001002473425
037001002473426
037001002473427
037001002473428
037001002473429
037001002474
037001002474426
037001002474433
037001002474434
037001002474435
037001002474436
037001002474437
037001002475
037001002475422
037001002475424
037001002475425
037001002475426
037001002475427
037001002475428
037001002476
037001002476422
037001002476425
037001002476426
037001002476427
037001002476428
037001002476429
037001002477
037001002477422
037001002477425
037001002477426
037001002477427
037001002477428
037001002477429
037001002478
037001002478426
037001002478433
037001002478434
037001002478435
037001002478436
037001002478437
037001002479
037001002479424
037001002479429
037001002479430
037001002479431
037001002479432
037001002479433
037001002480
037001002480424
037001002480429
037001002480430
037001002480431
037001002480432
037001002480433
037001002481
037001002481424
037001002481429
037001002481430
037001002481431
037001002481432
037001002481433
037001002482
037001002482423
037001002482426
037001002482427
037001002482428
037001002482429
037001002482430
037001002496
037001002496015
037001002496017
037001002496018
037001002496019
037001002496020
037001002496021
037001002497
037001002497015
037001002497017
037001002497018
037001002497019
037001002497020
037001002497021
037001002498
037001002498015
037001002498016
037001002498017
037001002498018
037001002498019
037001002498020