037001012401
037001012401417
037001012401418
037001012401419
037001012401420
037001012401421
037001012401421002
037001012401421003
037001012401421004
037001012402
037001012402421
037001012402422
037001012402423
037001012404
037001012404414
037001012404415
037001012404409
037001012404410
037001012406
037001012406409
037001012406410
037001012407
037001012408
037001012508
037001012508002
037001012508003
037001012409
037001012403
037001012410
037001012410405
037001012405
037001012405404
037001012405405
037001012411
037001012412
037001012413
037001012522
037001012414
037001012539
037001012540
037001012541
037001012542
037001012543
037001012544
037001012545
037001012530
037001012530002
037001012415
037001012415416
037001012415416401
037001012415417
037001012415418
037001012415415
037001012415429
037001012420
037001012420415
037001012420408
037001012420413
037001012422
037001012422408
037001012422409
037001012422410
037001012424
037001012424595
037001012424410
037001012424582
037001012424581
037001012424429
037001012424412
037001012424413
037001012424415
037001012424417
037001012424418
037001012424421
037001012424422
037001012424424
037001012424423
037001012424426
037001012424428
037001012424432
037001012424433
037001012424434
037001012424436
037001012424435
037001012424437
037001012424439
037001012424440
037001012424441
037001012424442
037001012424562
037001012424563
037001012424446
037001012424445
037001012424444
037001012424451
037001012424447
037001012424449
037001012424453
037001012424452
037001012424450
037001012424459
037001012424456
037001012424566
037001012424455
037001012424454
037001012424461
037001012424460
037001012424567
037001012424467
037001012424458
037001012424465
037001012424457
037001012424469
037001012424470
037001012424471
037001012424476
037001012424474
037001012424573
037001012424473
037001012424472
037001012424569
037001012424479
037001012424481
037001012424477
037001012424570
037001012424483
037001012424501
037001012424494
037001012424493
037001012424495
037001012424499
037001012424500
037001012424497
037001012424496
037001012424571
037001012424519
037001012424511
037001012424507
037001012424509
037001012424510
037001012424518
037001012424580
037001012424505
037001012424506
037001012424508
037001012424522
037001012424516
037001012424523
037001012424514
037001012424525
037001012424512
037001012424526
037001012424520
037001012424524
037001012424515
037001012424583
037001012424584
037001012424585
037001012424587
037001012424589
037001012424590
037001012424591
037001012424593
037001012424594
037001012424596
037001012424597
037001012424598
037001012424599
037001012424600
037001012424601
037001012424602
037001012424603
037001012424604
037001012552
037001012552001
037001012425
037001012425406
037001012425407
037001012425408
037001012426
037001012426407
037001012426408
037001012427
037001012427445
037001012427446
037001012427447
037001012427444
037001012427451
037001012427454
037001012427448
037001012427449
037001012427450
037001012427452
037001012427453
037001012427455
037001012427456
037001012427438
037001012427439
037001012427440
037001012427457
037001012427458
037001012427413
037001012427415
037001012427416
037001012428
037001012428412
037001012428414
037001012428416
037001012428417
037001012429
037001012429421
037001012429409
037001012429420
037001012429410
037001012429422
037001012429423
037001012431
037001012431412
037001012431414
037001012431411
037001012431413
037001012431416
037001012431418
037001012431419
037001012431421
037001012431422
037001012431423
037001012431424
037001012432
037001012432427
037001012432408
037001012432410
037001012432411
037001012432426
037001012432426401
037001012432414
037001012432417
037001012432418
037001012432420
037001012432421
037001012519
037001012519007
037001012519005
037001012446
037001012446406
037001012433
037001012433405
037001012433406
037001012433407
037001012433408
037001012433410
037001012433413
037001012434
037001012434407
037001012434408
037001012434409
037001012434410
037001012434411
037001012434412
037001012434413
037001012434414
037001012434416
037001012434417
037001012434418
037001012434419
037001012434420
037001012434421
037001012434422
037001012434424
037001012434425
037001012435
037001012435408
037001012435412
037001012435413
037001012435415
037001012435417
037001012436
037001012436407
037001012436409
037001012436410
037001012436411
037001012436412
037001012436419
037001012436413
037001012436415
037001012436416
037001012436417
037001012436422
037001012436422401
037001012436422402
037001012436422403
037001012436422404
037001012436422405
037001012436422406
037001012436422407
037001012436422410
037001012436422411
037001012436420
037001012437
037001012437415
037001012437406
037001012437407
037001012437408
037001012437409
037001012437410
037001012520
037001012520010
037001012520011
037001012520012
037001012520013
037001012520016
037001012520017
037001012520006
037001012520007
037001012520023
037001012520024
037001012440
037001012440435
037001012440408
037001012440438
037001012440412
037001012440440
037001012440441
037001012440416
037001012440418
037001012440428
037001012440431
037001012440420
037001012440417
037001012440424
037001012440429
037001012440421
037001012440423
037001012440427
037001012440442
037001012442
037001012442407
037001012443
037001012443407
037001012443408
037001012443409
037001012423
037001012423405
037001012423407
037001012531
037001012531012
037001012531013
037001012531035
037001012531025
037001012531024
037001012531029
037001012531016
037001012531014
037001012531015
037001012531017
037001012531032
037001012531022
037001012531018
037001012531023
037001012531019
037001012531021
037001012531030
037001012531026
037001012531031
037001012531002
037001012531003
037001012531036
037001012531037
037001012532
037001012532015
037001012532017
037001012532019
037001012532014
037001012532021
037001012532024
037001012532016
037001012532025
037001012532020
037001012532022
037001012532023
037001012532026
037001012532018
037001012532011
037001012532013
037001012532012
037001012532002
037001012449
037001012449406
037001012449407
037001012535
037001012452
037001012452401
037001012452402
037001012455
037001012456
037001012458
037001012465
037001012560
037001012494
037001012495
037001012496
037001012526
037001012526404
037001012534
037001012466
037001012551
037001012546
037001012547
037001012548
037001012549
037001012550
037001012467
037001012468
037001012468405
037001012469
037001012470
037001012471
037001012536
037001012536402
037001012537
037001012537403
037001012555
037001012474
037001012474435
037001012474433
037001012474434
037001012474436
037001012474438
037001012474437
037001012474425
037001012475
037001012475422
037001012475423
037001012475424
037001012475425
037001012475426
037001012475420
037001012523
037001012523414
037001012523415
037001012523416
037001012523417
037001012523418
037001012478
037001012478417
037001012478418
037001012478419
037001012478420
037001012478421
037001012479
037001012479417
037001012479418
037001012479419
037001012479420
037001012479421
037001012524
037001012524414
037001012524415
037001012524416
037001012524417
037001012524418
037001012500
037001012500008
037001012500009
037001012500010
037001012500011
037001012500012
037001012501
037001012501008
037001012501009
037001012501010
037001012501011
037001012501012
037001012499
037001012499010
037001012499011
037001012499012
037001012499013
037001012499014
037001012504
037001012504008
037001012504009
037001012504010
037001012504011
037001012504012
037001012502
037001012502008
037001012502009
037001012502010
037001012502011
037001012502012
037001012505
037001012505008
037001012505009
037001012505010
037001012505011
037001012505012
037001012503
037001012503008
037001012503009
037001012503010
037001012503011
037001012503012
037001012506
037001012506008
037001012506009
037001012506010
037001012506011
037001012506012
037001012507
037001012507008
037001012507009
037001012507010
037001012507011
037001012507012
037001012558
037001012558441
037001012558442
037001012558443
037001012558444
037001012558445
037001012559
037001012559436
037001012559437
037001012559438
037001012559439
037001012559440
037001012483
037001012483407
037001012483417
037001012483434
037001012483435
037001012483440