037001026401
037001026401411
037001026401412
037001026401413
037001026401414
037001026401415
037001026401416
037001026401417
037001026401408
037001026402
037001026402408
037001026402418
037001026403
037001026404
037001026405
037001026405412
037001026405413
037001026405406
037001026405408
037001026513
037001026513404
037001026513403
037001026407
037001026407408
037001026408
037001026409
037001026410
037001026506
037001026506005
037001026411
037001026412
037001026509
037001026498
037001026510
037001026510008
037001026426
037001026426409
037001026426414
037001026427
037001026427423
037001026427423001
037001026427413
037001026427409
037001026427414
037001026427424
037001026429
037001026429408
037001026429409
037001026429412
037001026430
037001026430409
037001026430408
037001026430422
037001026430543
037001026430543002
037001026430411
037001026430410
037001026430416
037001026430418
037001026430414
037001026430413
037001026430407
037001026430426
037001026430427
037001026430415
037001026430417
037001026430465
037001026430466
037001026430467
037001026430469
037001026430468
037001026430488
037001026430486
037001026430489
037001026430487
037001026430485
037001026430484
037001026430483
037001026430437
037001026430439
037001026430436
037001026430438
037001026430442
037001026430443
037001026430440
037001026430435
037001026430441
037001026430444
037001026430522
037001026430526
037001026430527
037001026430528
037001026430525
037001026430529
037001026430455
037001026430457
037001026430456
037001026430458
037001026430453
037001026430454
037001026430447
037001026430445
037001026430449
037001026430446
037001026430448
037001026430450
037001026430451
037001026430477
037001026430476
037001026430472
037001026430480
037001026430482
037001026430479
037001026430478
037001026430471
037001026430481
037001026430474
037001026430507
037001026430508
037001026430512
037001026430513
037001026430461
037001026430460
037001026430459
037001026430464
037001026430463
037001026430462
037001026430516
037001026430514
037001026430518
037001026430519
037001026430515
037001026430517
037001026430520
037001026430504
037001026430503
037001026430501
037001026430531
037001026430506
037001026430505
037001026430494
037001026430493
037001026430498
037001026430495
037001026430500
037001026430497
037001026430491
037001026430499
037001026430492
037001026430430
037001026430420
037001026430431
037001026430537
037001026430432
037001026430433
037001026430534
037001026430535
037001026430540
037001026430536
037001026430434
037001026430538
037001026430533
037001026430532
037001026430539
037001026431
037001026431408
037001026431409
037001026433
037001026433412
037001026433413
037001026433409
037001026433408
037001026433411
037001026433414
037001026434
037001026434416
037001026434417
037001026434418
037001026434425
037001026434424
037001026434423
037001026434421
037001026434419
037001026434426
037001026434420
037001026434427
037001026434422
037001026434415
037001026434413
037001026435
037001026435413
037001026435421
037001026435416
037001026435417
037001026435420
037001026435424
037001026435425
037001026437
037001026437416
037001026437415
037001026437413
037001026437414
037001026437412
037001026437411
037001026437423
037001026437424
037001026438
037001026438408
037001026438409
037001026438414
037001026438425
037001026438426
037001026438424
037001026438423
037001026438422
037001026438420
037001026438417
037001026438418
037001026438419
037001026438421
037001026438415
037001026438416
037001026438428
037001026439
037001026439429
037001026439410
037001026439428
037001026439413
037001026439416
037001026439414
037001026439407
037001026439412
037001026439409
037001026439419
037001026440
037001026440406
037001026440405
037001026440404
037001026440410
037001026441
037001026441405
037001026441406
037001026441416
037001026441415
037001026441414
037001026441407
037001026441412
037001026441413
037001026441409
037001026441408
037001026441411
037001026442
037001026442413
037001026442418
037001026442416
037001026442410
037001026442417
037001026442409
037001026442408
037001026442415
037001026442406
037001026442407
037001026442405
037001026443
037001026443416
037001026443422
037001026443414
037001026443415
037001026443411
037001026443413
037001026443418
037001026443410
037001026443420
037001026443427
037001026443428
037001026443428005
037001026443428008
037001026443428009
037001026443428010
037001026443428011
037001026443428012
037001026443428013
037001026443428014
037001026443428015
037001026443428016
037001026443428017
037001026443428018
037001026443428019
037001026443428020
037001026443430
037001026443430003
037001026443430004
037001026444
037001026444412
037001026444405
037001026444403
037001026444409
037001026444404
037001026445
037001026445406
037001026445407
037001026445404
037001026445410
037001026445409
037001026445412
037001026446
037001026446430
037001026446409
037001026446410
037001026446408
037001026446427
037001026446429
037001026446413
037001026446412
037001026446422
037001026446420
037001026446419
037001026446417
037001026446416
037001026446421
037001026446415
037001026446424
037001026446423
037001026446418
037001026446425
037001026446426
037001026448
037001026448407
037001026449
037001026449405
037001026449403
037001026449408
037001026451
037001026451405
037001026451406
037001026496
037001026496008
037001026507
037001026507009
037001026507011
037001026507012
037001026507013
037001026507014
037001026507015
037001026507016
037001026507017
037001026507018
037001026507019
037001026507020
037001026507021
037001026507006
037001026520
037001026520004
037001026527
037001026527025
037001026527026
037001026527002
037001026527003
037001026527008
037001026527010
037001026527004
037001026527009
037001026527005
037001026527007
037001026527011
037001026527006
037001026527013
037001026527012
037001026527027
037001026527028
037001026527014
037001026527015
037001026555
037001026555005
037001026432
037001026432457
037001026518
037001026530
037001026459
037001026462
037001026464
037001026465
037001026533
037001026467
037001026517
037001026503
037001026493
037001026504
037001026526
037001026516
037001026521
037001026529
037001026532
037001026511
037001026476
037001026476403
037001026477
037001026477403
037001026478
037001026534
037001026535
037001026535001
037001026536
037001026537
037001026539
037001026538
037001026479
037001026479414
037001026479415
037001026479416
037001026479417
037001026480
037001026480417
037001026480418
037001026480419
037001026480420
037001026480415
037001026500
037001026500412
037001026500422
037001026500420
037001026500426
037001026500425
037001026500429
037001026501
037001026501417
037001026501421
037001026501402
037001026501424
037001026501425
037001026501428
037001026481
037001026481420
037001026481425
037001026481424
037001026481428
037001026481431
037001026482
037001026482415
037001026482420
037001026482417
037001026482422
037001026482425
037001026487
037001026487422
037001026487425
037001026487421
037001026487429
037001026487432
037001026553
037001026553417
037001026553418
037001026553422
037001026553425
037001026553428
037001026484
037001026484415
037001026484420
037001026484418
037001026484425
037001026484428
037001026489
037001026489419
037001026489422
037001026489401
037001026489426
037001026489429
037001026554
037001026554412
037001026554419
037001026554421
037001026554423
037001026554426
037001026490
037001026490413
037001026490417
037001026490412
037001026490425
037001026490428
037001026491
037001026491417
037001026491422
037001026491420
037001026491401
037001026491425
037001026492
037001026492418
037001026492422
037001026492423
037001026492425
037001026492428