037001005407
037001005407413
037001005407414
037001005407415
037001005407416
037001005407417
037001005407418
037001005407419
037001005407420
037001005407421
037001005407422
037001005407423
037001005407424
037001005407425
037001005407426
037001005407430
037001005407431
037001005407432
037001005407433
037001005407434
037001005407435
037001005407436
037001005407440
037001005407441
037001005407442
037001005407443
037001005407444
037001005407445
037001005407428
037001005401
037001005402
037001005402407
037001005403
037001005403405
037001005404
037001005404406
037001005404410
037001005405
037001005406
037001005496
037001005496002
037001005496008
037001005408
037001005410
037001005503
037001005503007
037001005503006
037001005411
037001005412
037001005413
037001005414
037001005415
037001005415425
037001005525
037001005526
037001005527
037001005528
037001005529
037001005538
037001005423
037001005423418
037001005423417
037001005427
037001005427417
037001005427417001
037001005427409
037001005427418
037001005431
037001005431456
037001005431424
037001005431520
037001005431442
037001005431443
037001005431441
037001005431511
037001005431415
037001005431431
037001005431417
037001005431409
037001005431500
037001005431435
037001005431446
037001005431425
037001005431452
037001005431454
037001005431438
037001005431433
037001005431413
037001005431440
037001005431444
037001005431427
037001005431447
037001005431423
037001005431436
037001005431450
037001005431453
037001005431410
037001005431411
037001005431465
037001005431463
037001005431471
037001005431504
037001005431475
037001005431505
037001005431509
037001005431510
037001005431513
037001005431521
037001005431522
037001005431477
037001005431478
037001005431488
037001005431479
037001005431489
037001005431487
037001005431483
037001005431484
037001005431481
037001005431480
037001005431496
037001005431499
037001005431498
037001005431495
037001005431493
037001005431437
037001005431422
037001005431419
037001005431434
037001005431501
037001005431502
037001005431503
037001005431512
037001005431514
037001005431515
037001005431516
037001005431517
037001005431518
037001005431519
037001005431523
037001005433
037001005433405
037001005433406
037001005435
037001005435407
037001005435408
037001005435410
037001005452
037001005452417
037001005452418
037001005452419
037001005452420
037001005452421
037001005452422
037001005452423
037001005452424
037001005452425
037001005452426
037001005452427
037001005452428
037001005452429
037001005452430
037001005452431
037001005452411
037001005452412
037001005452413
037001005436
037001005436421
037001005436409
037001005436420
037001005436410
037001005436413
037001005436414
037001005438
037001005438406
037001005438407
037001005438412
037001005438408
037001005438413
037001005438409
037001005438414
037001005438410
037001005438423
037001005441
037001005441407
037001005441408
037001005441411
037001005441412
037001005441413
037001005441415
037001005439
037001005439424
037001005439420
037001005439413
037001005439421
037001005439417
037001005439419
037001005439425
037001005440
037001005440406
037001005440412
037001005447
037001005447404
037001005447405
037001005447409
037001005448
037001005448404
037001005448407
037001005448412
037001005448413
037001005448417
037001005434
037001005434405
037001005442
037001005442404
037001005442405
037001005443
037001005443421
037001005443408
037001005443409
037001005443423
037001005443410
037001005443411
037001005443418
037001005443414
037001005443416
037001005443417
037001005445
037001005445407
037001005446
037001005446405
037001005429
037001005429404
037001005429411
037001005504
037001005504424
037001005504401
037001005504406
037001005504407
037001005504403
037001005504408
037001005504412
037001005497
037001005497002
037001005497008
037001005510
037001005510004
037001005542
037001005542006
037001005430
037001005430412
037001005511
037001005511008
037001005511009
037001005511010
037001005511011
037001005511012
037001005511013
037001005511014
037001005511015
037001005511016
037001005511017
037001005511018
037001005511019
037001005511020
037001005511021
037001005511022
037001005511023
037001005513
037001005513013
037001005513015
037001005513016
037001005513017
037001005513019
037001005513020
037001005513021
037001005513022
037001005513023
037001005513024
037001005513025
037001005513026
037001005513027
037001005513028
037001005513029
037001005513030
037001005513031
037001005513002
037001005513003
037001005508
037001005515
037001005520
037001005454
037001005521
037001005512
037001005512404
037001005512405
037001005461
037001005463
037001005465
037001005498
037001005519
037001005517
037001005518
037001005522
037001005468
037001005468410
037001005531
037001005532
037001005533
037001005534
037001005475
037001005475404
037001005472
037001005476
037001005477
037001005477405
037001005535
037001005478
037001005474
037001005474403
037001005473
037001005479
037001005479422
037001005479423
037001005479420
037001005480
037001005480418
037001005480419
037001005480416
037001005486
037001005486401
037001005486402
037001005486417
037001005486418
037001005483
037001005483403
037001005483402
037001005483418
037001005483419
037001005491
037001005491403
037001005491402
037001005491422
037001005491423
037001005492
037001005492403
037001005492402
037001005492415
037001005492416
037001005493
037001005493403
037001005493402
037001005493416
037001005493417
037001005487
037001005487403
037001005487402
037001005487418
037001005487419
037001005485
037001005485403
037001005485402
037001005485415
037001005485416
037001005488
037001005488403
037001005488402
037001005488417
037001005488418
037001005489
037001005489403
037001005489402
037001005489419
037001005489420
037001005490
037001005490404
037001005490403
037001005490417
037001005490418
037001005484
037001005484405
037001005484406
037001005484429
037001005484430
037001005484431
037001005481
037001005481421
037001005481417
037001005481415
037001005481419
037001005481436
037001005481437
037001005482
037001005482410
037001005482416
037001005482411
037001005482415
037001005482408
037001005482430
037001005539
037001005539440
037001005539441
037001005539438
037001005539439
037001005539443
037001005539442
037001005540
037001005540432
037001005540433
037001005540434
037001005540435
037001005540437
037001005540436