037001003401
037001003401413
037001003401414
037001003401415
037001003401416
037001003401417
037001003402
037001003402410
037001003402412
037001003403
037001003403405
037001003405
037001003405412
037001003405413
037001003405407
037001003405406
037001003405408
037001003405409
037001003406
037001003406407
037001003406408
037001003404
037001003404408
037001003407
037001003407405
037001003407406
037001003408
037001003408408
037001003519
037001003519001
037001003519002
037001003409
037001003412
037001003410
037001003415
037001003415410
037001003567
037001003568
037001003569
037001003570
037001003571
037001003572
037001003573
037001003419
037001003419415
037001003419422
037001003419426
037001003420
037001003420417
037001003420417001
037001003420417003
037001003420417004
037001003420419
037001003420418
037001003518
037001003518011
037001003518010
037001003446
037001003446458
037001003446495
037001003446487
037001003446437
037001003446440
037001003446478
037001003446493
037001003446451
037001003446464
037001003446482
037001003446446
037001003446471
037001003446472
037001003446439
037001003446488
037001003446489
037001003446499
037001003446501
037001003446409
037001003446476
037001003446460
037001003446434
037001003446425
037001003446456
037001003446419
037001003446502
037001003446517
037001003446518
037001003446525
037001003446526
037001003446527
037001003446412
037001003446450
037001003446452
037001003446444
037001003446453
037001003446445
037001003446432
037001003446431
037001003446421
037001003446416
037001003446433
037001003446469
037001003446461
037001003446413
037001003446457
037001003446430
037001003446486
037001003446468
037001003446484
037001003446441
037001003446466
037001003446420
037001003446497
037001003446490
037001003446479
037001003446447
037001003446481
037001003446442
037001003446411
037001003446448
037001003446473
037001003446415
037001003446436
037001003446417
037001003446426
037001003446418
037001003446480
037001003446443
037001003446492
037001003446462
037001003446455
037001003446491
037001003446454
037001003446410
037001003446467
037001003446435
037001003446438
037001003446500
037001003446510
037001003446511
037001003446519
037001003446520
037001003446521
037001003446528
037001003446529
037001003446530
037001003446531
037001003446470
037001003446422
037001003446423
037001003446429
037001003446505
037001003446506
037001003446507
037001003446508
037001003446509
037001003446512
037001003446513
037001003446514
037001003446515
037001003446516
037001003446522
037001003446523
037001003421
037001003421406
037001003422
037001003422408
037001003422413
037001003422409
037001003422412
037001003422410
037001003422411
037001003423
037001003423432
037001003423433
037001003423434
037001003423435
037001003423436
037001003423437
037001003423438
037001003423439
037001003423440
037001003423441
037001003423442
037001003423443
037001003423444
037001003423445
037001003423446
037001003423447
037001003423448
037001003423413
037001003423412
037001003423411
037001003424
037001003424410
037001003424413
037001003424412
037001003424409
037001003424411
037001003424408
037001003424418
037001003425
037001003425423
037001003425408
037001003425411
037001003425416
037001003425409
037001003425414
037001003425413
037001003425415
037001003425417
037001003520
037001003520007
037001003520009
037001003429
037001003429406
037001003430
037001003430409
037001003430411
037001003430410
037001003430414
037001003431
037001003431405
037001003431408
037001003431406
037001003431407
037001003431412
037001003431415
037001003521
037001003521009
037001003521002
037001003445
037001003445402
037001003445408
037001003445406
037001003535
037001003535007
037001003535010
037001003535009
037001003535011
037001003535012
037001003535013
037001003535008
037001003535017
037001003535014
037001003535015
037001003535016
037001003535018
037001003535020
037001003530
037001003530009
037001003530010
037001003530011
037001003530012
037001003530013
037001003530014
037001003530015
037001003530016
037001003530017
037001003530018
037001003530019
037001003530020
037001003530021
037001003530022
037001003530023
037001003530024
037001003530025
037001003530006
037001003436
037001003436408
037001003437
037001003437404
037001003437405
037001003442
037001003442405
037001003442408
037001003531
037001003531002
037001003531003
037001003531008
037001003531004
037001003531018
037001003531019
037001003531020
037001003531021
037001003531022
037001003531023
037001003531024
037001003531025
037001003531026
037001003531027
037001003531028
037001003531029
037001003531030
037001003531031
037001003531032
037001003531033
037001003531005
037001003531006
037001003531007
037001003533
037001003533004
037001003427
037001003427410
037001003427409
037001003427411
037001003427412
037001003427413
037001003578
037001003579
037001003579008
037001003579009
037001003579016
037001003579010
037001003579017
037001003579011
037001003579012
037001003579019
037001003579013
037001003579020
037001003579014
037001003579021
037001003579015
037001003579022
037001003579023
037001003579024
037001003579025
037001003579026
037001003579027
037001003580
037001003524
037001003524012
037001003456
037001003466
037001003504
037001003517
037001003455
037001003455002
037001003455003
037001003512
037001003447
037001003525
037001003460
037001003462
037001003465
037001003506
037001003457
037001003452
037001003449
037001003459
037001003468
037001003468407
037001003575
037001003576
037001003577
037001003475
037001003475403
037001003470
037001003470405
037001003471
037001003471404
037001003473
037001003534
037001003539
037001003540
037001003541
037001003541003
037001003541004
037001003553
037001003476
037001003476423
037001003476424
037001003476425
037001003476422
037001003477
037001003477420
037001003477421
037001003477418
037001003487
037001003487401
037001003487415
037001003487416
037001003487417
037001003490
037001003490402
037001003490415
037001003490416
037001003490417
037001003488
037001003488413
037001003488417
037001003488418
037001003488419
037001003479
037001003479401
037001003479415
037001003479416
037001003479417
037001003481
037001003481401
037001003481415
037001003481416
037001003481417
037001003485
037001003485415
037001003485416
037001003485417
037001003485418
037001003489
037001003489411
037001003489416
037001003489417
037001003489418
037001003480
037001003480415
037001003480416
037001003480417
037001003480418
037001003486
037001003486412
037001003486417
037001003486418
037001003486419
037001003484
037001003484402
037001003484413
037001003484414
037001003484415
037001003478
037001003478014
037001003478015
037001003478016
037001003478017
037001003483
037001003483405
037001003483418
037001003483419
037001003483420
037001003483421
037001003482
037001003482402
037001003482414
037001003482415
037001003482416
037001003482417
037001003494
037001003494010
037001003494011
037001003494016
037001003494015
037001003494017
037001003495
037001003495010
037001003495011
037001003495016
037001003495015
037001003495017
037001003496
037001003496022
037001003496023
037001003496021
037001003496027
037001003496028
037001003497
037001003497012
037001003497015
037001003497010
037001003497013
037001003497016