037001000401
037001000401504
037001000401505
037001000401506
037001000401507
037001000401420
037001000401423
037001000402
037001000402418
037001000402419
037001000402417
037001000402420
037001000403
037001000403409
037001000404
037001000404423
037001000404424
037001000404413
037001000405
037001000405413
037001000405414
037001000405419
037001000406
037001000406410
037001000406411
037001000407
037001000407410
037001000544
037001000544008
037001000408
037001000408410
037001000411
037001000409
037001000409409
037001000409410
037001000410
037001000410407
037001000410408
037001000410409
037001000412
037001000416
037001000414
037001000417
037001000417401
037001000539
037001000527
037001000527011
037001000432
037001000432454
037001000432432
037001000432431
037001000432434
037001000432433
037001000432455
037001000433
037001000433442
037001000433442413
037001000433442414
037001000433441
037001000433441409
037001000433441411
037001000433427
037001000433429
037001000433430
037001000433438
037001000548
037001000548032
037001000548030
037001000548031
037001000548027
037001000548047
037001000548033
037001000548041
037001000548046
037001000435
037001000435458
037001000435425
037001000435426
037001000435423
037001000435429
037001000435430
037001000435431
037001000435432
037001000435433
037001000435470
037001000435434
037001000435435
037001000435436
037001000435437
037001000435438
037001000435439
037001000435440
037001000435441
037001000435444
037001000435452
037001000435474
037001000435445
037001000435442
037001000435428
037001000435451
037001000435424
037001000435460
037001000435461
037001000435453
037001000435456
037001000435462
037001000435465
037001000435427
037001000435471
037001000435472
037001000435473
037001000435475
037001000435476
037001000436
037001000436415
037001000436414
037001000436416
037001000436420
037001000535
037001000535101
037001000535103
037001000535099
037001000439
037001000439453
037001000439453406
037001000439419
037001000439420
037001000439421
037001000439422
037001000439423
037001000439424
037001000439425
037001000439426
037001000439427
037001000439428
037001000439429
037001000439447
037001000439448
037001000439449
037001000439450
037001000439430
037001000439432
037001000439451
037001000439433
037001000439435
037001000439436
037001000439437
037001000439438
037001000439442
037001000440
037001000440413
037001000440414
037001000440422
037001000441
037001000441423
037001000441424
037001000441425
037001000441427
037001000441428
037001000441437
037001000441429
037001000441434
037001000443
037001000443445
037001000443453
037001000443420
037001000443420009
037001000443446
037001000443424
037001000443447
037001000443448
037001000443449
037001000443451
037001000443452
037001000443429
037001000443430
037001000443421
037001000444
037001000444417
037001000444418
037001000444419
037001000444429
037001000444422
037001000445
037001000445413
037001000445415
037001000445417
037001000445418
037001000445421
037001000445420
037001000445419
037001000445422
037001000445423
037001000445424
037001000446
037001000446425
037001000446440
037001000446439
037001000446427
037001000446429
037001000446432
037001000446433
037001000446436
037001000446441
037001000446442
037001000446443
037001000446444
037001000446445
037001000446446
037001000446447
037001000446448
037001000446449
037001000446452
037001000446450
037001000446438
037001000536
037001000536013
037001000536015
037001000536016
037001000536017
037001000536018
037001000536019
037001000536020
037001000536023
037001000447
037001000447413
037001000448
037001000448414
037001000448416
037001000448417
037001000448418
037001000448419
037001000448420
037001000448421
037001000448425
037001000449
037001000449414
037001000449415
037001000449417
037001000449418
037001000449419
037001000449420
037001000449421
037001000449424
037001000449428
037001000449425
037001000449422
037001000451
037001000451424
037001000451416
037001000451415
037001000451417
037001000451414
037001000451413
037001000451418
037001000451420
037001000451425
037001000451426
037001000451423
037001000451421
037001000451427
037001000451429
037001000451428
037001000451430
037001000451431
037001000452
037001000452436
037001000452424
037001000452428
037001000452426
037001000452441
037001000452429
037001000452418
037001000452423
037001000452425
037001000452431
037001000452442
037001000452440
037001000452443
037001000452435
037001000452444
037001000452445
037001000452446
037001000453
037001000453411
037001000453412
037001000453413
037001000453414
037001000453417
037001000453419
037001000453420
037001000453421
037001000453422
037001000453423
037001000538
037001000538029
037001000456
037001000456443
037001000456443007
037001000456413
037001000456414
037001000456415
037001000456416
037001000456417
037001000456418
037001000456419
037001000456420
037001000456421
037001000456422
037001000456424
037001000456426
037001000456427
037001000456432
037001000457
037001000457434
037001000457420
037001000457421
037001000457462
037001000457422
037001000457423
037001000457424
037001000457425
037001000457426
037001000457427
037001000457428
037001000457429
037001000457430
037001000457431
037001000457432
037001000457440
037001000457442
037001000457449
037001000457435
037001000457447
037001000457439
037001000457433
037001000457444
037001000457448
037001000457455
037001000457445
037001000532
037001000532021
037001000532023
037001000458
037001000458408
037001000458409
037001000458410
037001000458411
037001000458412
037001000458414
037001000458415
037001000458417
037001000458422
037001000461
037001000462
037001000462417
037001000462423
037001000462418
037001000462416
037001000464
037001000464410
037001000464411
037001000464415
037001000464413
037001000465
037001000465407
037001000466
037001000466411
037001000466412
037001000471
037001000471407
037001000471408
037001000471411
037001000468
037001000474
037001000469
037001000469407
037001000473
037001000473407
037001000473408
037001000473409
037001000473410
037001000470
037001000476
037001000476426
037001000476425
037001000476418
037001000476419
037001000476420
037001000476421
037001000476422
037001000476423
037001000476424
037001000531
037001000531073
037001000531074
037001000531075
037001000531026
037001000531069
037001000531066
037001000533
037001000533033
037001000533036
037001000533038
037001000533041
037001000533042
037001000533045
037001000571
037001000557
037001000557004
037001000584
037001000585
037001000480
037001000542
037001000542008
037001000481
037001000484
037001000490
037001000488
037001000495
037001000495401
037001000489
037001000489401
037001000556
037001000492
037001000528
037001000528009
037001000508
037001000509
037001000510
037001000511
037001000512
037001000513
037001000514
037001000515
037001000515423
037001000515415
037001000515416
037001000515422
037001000517
037001000517412
037001000517413
037001000517415
037001000516
037001000516410
037001000518
037001000518412
037001000518415
037001000519
037001000519406
037001000519407
037001000520
037001000521
037001000554
037001000522
037001000522409
037001000522410
037001000522411
037001000522412
037001000553
037001000553405
037001000551
037001000552
037001000583
037001000525
037001000525421
037001000525422
037001000525423
037001000525424
037001000526
037001000526428
037001000526427
037001000526426