037001024401
037001024401412
037001024401413
037001024401414
037001024401415
037001024401417
037001024401418
037001024401419
037001024401420
037001024401421
037001024401422
037001024402
037001024402418
037001024402419
037001024402417
037001024402417004
037001024402420
037001024402421
037001024403
037001024403413
037001024403415
037001024403414
037001024404
037001024404410
037001024404411
037001024405
037001024406
037001024407
037001024479
037001024479002
037001024485
037001024508
037001024475
037001024476
037001024408
037001024493
037001024494
037001024495
037001024496
037001024497
037001024498
037001024499
037001024410
037001024410420
037001024410404
037001024413
037001024413411
037001024413415
037001024413410
037001024413408
037001024415
037001024415413
037001024415414
037001024416
037001024416469
037001024416441
037001024416443
037001024416437
037001024416438
037001024416440
037001024416472
037001024416431
037001024416435
037001024416434
037001024416425
037001024416427
037001024416430
037001024416429
037001024416445
037001024416480
037001024416432
037001024416433
037001024416473
037001024416458
037001024416446
037001024416468
037001024416448
037001024416460
037001024416461
037001024416451
037001024416462
037001024416465
037001024416457
037001024416466
037001024416453
037001024416464
037001024416444
037001024416436
037001024416475
037001024416482
037001024416474
037001024416476
037001024416477
037001024416478
037001024416479
037001024416483
037001024417
037001024417411
037001024417410
037001024418
037001024419
037001024419419
037001024419417
037001024419418
037001024419420
037001024419421
037001024420
037001024420425
037001024420424
037001024420426
037001024420423
037001024420429
037001024420430
037001024421
037001024421408
037001024421409
037001024421417
037001024421418
037001024421411
037001024421419
037001024421420
037001024421421
037001024421422
037001024421423
037001024423
037001024423449
037001024423445
037001024423435
037001024423427
037001024423428
037001024423433
037001024423431
037001024423439
037001024423429
037001024423444
037001024423432
037001024423452
037001024423426
037001024423441
037001024423440
037001024423437
037001024423451
037001024423450
037001024424
037001024424406
037001024424405
037001024424407
037001024425
037001024425434
037001024425430
037001024425429
037001024425426
037001024425422
037001024425428
037001024425423
037001024425425
037001024425421
037001024425424
037001024425432
037001024425431
037001024425427
037001024426
037001024426424
037001024426422
037001024426417
037001024426421
037001024426423
037001024426419
037001024426425
037001024426426
037001024426427
037001024426428
037001024426429
037001024426430
037001024427
037001024427415
037001024427412
037001024427414
037001024427416
037001024427417
037001024427423
037001024427421
037001024427419
037001024427420
037001024427418
037001024427422
037001024427427
037001024427428
037001024428
037001024428441
037001024428441401
037001024428441402
037001024428441403
037001024428441407
037001024428441409
037001024428441404
037001024428441405
037001024428441406
037001024428441408
037001024428442
037001024428442409
037001024428442406
037001024428432
037001024428429
037001024428434
037001024428428
037001024428424
037001024428435
037001024428426
037001024428437
037001024428438
037001024429
037001024429419
037001024429426
037001024429421
037001024429425
037001024429424
037001024429420
037001024429430
037001024430
037001024430420
037001024430415
037001024430416
037001024430417
037001024430414
037001024431
037001024431432
037001024431412
037001024431408
037001024431413
037001024431411
037001024431429
037001024431409
037001024431431
037001024431433
037001024431416
037001024431417
037001024431423
037001024431420
037001024431419
037001024431425
037001024431422
037001024431434
037001024431435
037001024431436
037001024433
037001024433409
037001024434
037001024434410
037001024434411
037001024434412
037001024438
037001024438405
037001024438408
037001024478
037001024478010
037001024478011
037001024478012
037001024478013
037001024478014
037001024478015
037001024478016
037001024478017
037001024478007
037001024490
037001024490015
037001024490016
037001024490017
037001024490005
037001024490021
037001024490018
037001024490019
037001024490024
037001024490020
037001024490022
037001024490023
037001024490002
037001024490025
037001024490003
037001024490026
037001024440
037001024440414
037001024440415
037001024440416
037001024440417
037001024440418
037001024440419
037001024440420
037001024440421
037001024440412
037001024440413
037001024440411
037001024486
037001024486004
037001024435
037001024435409
037001024480
037001024444
037001024444002
037001024481
037001024447
037001024447402
037001024455
037001024453
037001024488
037001024487
037001024491
037001024492
037001024458
037001024500
037001024501
037001024502
037001024503
037001024504
037001024459
037001024460
037001024460406
037001024462
037001024463
037001024463406
037001024505
037001024505002
037001024506
037001024507
037001024464
037001024464422
037001024464423
037001024464424
037001024464421
037001024465
037001024465426
037001024465427
037001024482
037001024482007
037001024482009
037001024482010
037001024482011
037001024482012
037001024482016
037001024483
037001024483007
037001024483009
037001024483010
037001024483011
037001024483012
037001024483016
037001024484
037001024484452
037001024484456
037001024484454
037001024484455
037001024484460
037001024468
037001024468460
037001024468464
037001024468463
037001024468462
037001024468467
037001024469
037001024469460
037001024469464
037001024469462
037001024469463
037001024469467
037001024470
037001024470456
037001024470460
037001024470458
037001024470459
037001024470466
037001024471
037001024471434
037001024471438
037001024471436
037001024471437
037001024471444
037001024472
037001024472434
037001024472438
037001024472436
037001024472437
037001024472441