037001004401
037001004401414
037001004401415
037001004401416
037001004401417
037001004401419
037001004401420
037001004401422
037001004401421
037001004401423
037001004402
037001004402408
037001004404
037001004404410
037001004404406
037001004404407
037001004405
037001004405410
037001004406
037001004407
037001004503
037001004503001
037001004503002
037001004408
037001004409
037001004409407
037001004410
037001004410405
037001004410406
037001004502
037001004500
037001004501
037001004515
037001004420
037001004420409
037001004420413
037001004424
037001004424419
037001004424419003
037001004424409
037001004424417
037001004504
037001004504008
037001004426
037001004426498
037001004426414
037001004426465
037001004426415
037001004426416
037001004426422
037001004426423
037001004426420
037001004426421
037001004426425
037001004426424
037001004426464
037001004426408
037001004426453
037001004426499
037001004426418
037001004426426
037001004426427
037001004426503
037001004426428
037001004426448
037001004426429
037001004426430
037001004426432
037001004426434
037001004426433
037001004426454
037001004426452
037001004426435
037001004426436
037001004426437
037001004426455
037001004426438
037001004426460
037001004426440
037001004426459
037001004426441
037001004426461
037001004426442
037001004426468
037001004426443
037001004426449
037001004426450
037001004426451
037001004426444
037001004426446
037001004426445
037001004426457
037001004426487
037001004426476
037001004426456
037001004426479
037001004426480
037001004426482
037001004426477
037001004426483
037001004426485
037001004426486
037001004426473
037001004426472
037001004426471
037001004426470
037001004426469
037001004426493
037001004426494
037001004426500
037001004426501
037001004426439
037001004426490
037001004426502
037001004426491
037001004426492
037001004426488
037001004426489
037001004426495
037001004426496
037001004426497
037001004427
037001004427405
037001004427406
037001004437
037001004428
037001004428406
037001004428407
037001004428408
037001004428411
037001004429
037001004429413
037001004429415
037001004429414
037001004429420
037001004429417
037001004429419
037001004429418
037001004429416
037001004429421
037001004429422
037001004429423
037001004429424
037001004429428
037001004429429
037001004429430
037001004429426
037001004429407
037001004429412
037001004429427
037001004430
037001004430413
037001004430420
037001004430420006
037001004430415
037001004430410
037001004430412
037001004430419
037001004507
037001004507003
037001004507004
037001004507006
037001004507005
037001004507007
037001004507008
037001004507009
037001004507010
037001004507002
037001004434
037001004434425
037001004434422
037001004434423
037001004434411
037001004434414
037001004434415
037001004434417
037001004434418
037001004434419
037001004434420
037001004434426
037001004508
037001004508002
037001004508010
037001004447
037001004447410
037001004436
037001004436406
037001004436407
037001004436408
037001004439
037001004439423
037001004439413
037001004439414
037001004439415
037001004439424
037001004439425
037001004505
037001004505003
037001004440
037001004440404
037001004440405
037001004529
037001004529008
037001004529012
037001004529013
037001004529017
037001004529009
037001004529018
037001004529019
037001004529020
037001004527
037001004527007
037001004527008
037001004527009
037001004527010
037001004527011
037001004527012
037001004527013
037001004527014
037001004527015
037001004527016
037001004527017
037001004527018
037001004527019
037001004527020
037001004527021
037001004527022
037001004527023
037001004444
037001004444407
037001004445
037001004445404
037001004446
037001004446408
037001004446409
037001004506
037001004506001
037001004506002
037001004506003
037001004506004
037001004506005
037001004506006
037001004506007
037001004506008
037001004506009
037001004506017
037001004506016
037001004530
037001004530011
037001004530012
037001004530013
037001004530014
037001004530015
037001004530016
037001004530017
037001004530018
037001004530019
037001004530020
037001004530021
037001004530022
037001004530023
037001004530024
037001004530025
037001004530026
037001004530027
037001004530028
037001004530029
037001004530030
037001004530031
037001004530032
037001004433
037001004433410
037001004433411
037001004433412
037001004433413
037001004433414
037001004497
037001004497010
037001004497011
037001004519
037001004519002
037001004546
037001004509
037001004509405
037001004457
037001004457401
037001004457402
037001004513
037001004499
037001004460
037001004468
037001004455
037001004461
037001004463
037001004453
037001004531
037001004528
037001004514
037001004473
037001004510
037001004475
037001004475404
037001004476
037001004476403
037001004477
037001004545
037001004478
037001004479
037001004480
037001004480404
037001004481
037001004481420
037001004517
037001004482
037001004482418
037001004518
037001004491
037001004491402
037001004491406
037001004491416
037001004491417
037001004491418
037001004493
037001004493402
037001004493404
037001004493414
037001004493415
037001004493416
037001004486
037001004486402
037001004486404
037001004486414
037001004486415
037001004486416
037001004492
037001004492402
037001004492405
037001004492415
037001004492416
037001004492417
037001004484
037001004484402
037001004484404
037001004484414
037001004484415
037001004484416
037001004483
037001004483402
037001004483403
037001004483414
037001004483415
037001004483416
037001004489
037001004489402
037001004489404
037001004489414
037001004489415
037001004489416
037001004490
037001004490402
037001004490403
037001004490414
037001004490415
037001004490416
037001004488
037001004488402
037001004488405
037001004488415
037001004488416
037001004488417
037001004487
037001004487402
037001004487405
037001004487414
037001004487415
037001004487416
037001004485
037001004485402
037001004485405
037001004485414
037001004485415
037001004485416
037001004494
037001004494402
037001004494405
037001004494417
037001004494418
037001004494419
037001004523
037001004523008
037001004523009
037001004523010
037001004523012
037001004523013
037001004522
037001004522008
037001004522009
037001004522010
037001004522012
037001004522013
037001004521
037001004521008
037001004521009
037001004521010
037001004521012
037001004521013
037001004524
037001004524008
037001004524009
037001004524010
037001004524012
037001004524013