037001025401
037001025401425
037001025401426
037001025401427
037001025401428
037001025401411
037001025402
037001025402414
037001025402412
037001025403
037001025403413
037001025403414
037001025403406
037001025404
037001025404407
037001025405
037001025406
037001025409
037001025489
037001025489002
037001025508
037001025508407
037001025509
037001025510
037001025510404
037001025487
037001025411
037001025412
037001025511
037001025413
037001025514
037001025515
037001025516
037001025517
037001025518
037001025519
037001025520
037001025418
037001025418411
037001025418426
037001025419
037001025419418
037001025419418001
037001025419418002
037001025419416
037001025431
037001025431410
037001025431412
037001025420
037001025420409
037001025420425
037001025420426
037001025420427
037001025420414
037001025420428
037001025420417
037001025420418
037001025420410
037001025420413
037001025420416
037001025420419
037001025420411
037001025420470
037001025420415
037001025420466
037001025420465
037001025420467
037001025420468
037001025420429
037001025420431
037001025420432
037001025420433
037001025420434
037001025420435
037001025420436
037001025420437
037001025420438
037001025420439
037001025420440
037001025420441
037001025420442
037001025420443
037001025420444
037001025420445
037001025420446
037001025420447
037001025420448
037001025420451
037001025420449
037001025420450
037001025420459
037001025420460
037001025420461
037001025420463
037001025420462
037001025420452
037001025420453
037001025420454
037001025420455
037001025420456
037001025420457
037001025420458
037001025420469
037001025420471
037001025420472
037001025420474
037001025420475
037001025422
037001025422406
037001025423
037001025423408
037001025423409
037001025423410
037001025423411
037001025423412
037001025425
037001025425422
037001025425423
037001025425424
037001025425425
037001025425426
037001025425427
037001025425428
037001025425429
037001025425430
037001025425431
037001025425432
037001025425433
037001025425434
037001025426
037001025426434
037001025426431
037001025426415
037001025426424
037001025426423
037001025426422
037001025428
037001025428408
037001025428409
037001025428414
037001025428410
037001025428415
037001025428411
037001025428412
037001025428429
037001025430
037001025430411
037001025430408
037001025430409
037001025430407
037001025430412
037001025430413
037001025430416
037001025430419
037001025430414
037001025430415
037001025430417
037001025430418
037001025430420
037001025430422
037001025429
037001025429426
037001025429409
037001025429407
037001025429413
037001025429424
037001025429412
037001025429412018
037001025429412025
037001025429412015
037001025429423
037001025441
037001025441406
037001025441407
037001025441412
037001025440
037001025440407
037001025440408
037001025440409
037001025440410
037001025439
037001025439416
037001025439412
037001025439419
037001025439411
037001025439417
037001025439413
037001025439408
037001025439409
037001025439410
037001025439414
037001025439415
037001025437
037001025437413
037001025437407
037001025437406
037001025437408
037001025437412
037001025437410
037001025437418
037001025437414
037001025437421
037001025437421018
037001025437421017
037001025437421009
037001025437421010
037001025437421011
037001025437421012
037001025437421013
037001025437421014
037001025437421015
037001025437421016
037001025437421019
037001025437422
037001025437424
037001025438
037001025438412
037001025438407
037001025438408
037001025438413
037001025432
037001025432412
037001025432406
037001025432407
037001025432408
037001025432414
037001025433
037001025433428
037001025433434
037001025433409
037001025433431
037001025433410
037001025433432
037001025433408
037001025433413
037001025433411
037001025433417
037001025433422
037001025433418
037001025433423
037001025433419
037001025433420
037001025433416
037001025433427
037001025433421
037001025433433
037001025488
037001025488012
037001025488013
037001025488014
037001025488015
037001025488016
037001025488017
037001025488018
037001025488019
037001025488020
037001025488021
037001025488011
037001025435
037001025435407
037001025435408
037001025436
037001025436405
037001025436406
037001025444
037001025444405
037001025444408
037001025507
037001025507004
037001025507005
037001025507026
037001025507006
037001025507007
037001025507008
037001025507009
037001025507010
037001025507011
037001025507012
037001025507013
037001025507014
037001025507015
037001025507002
037001025507041
037001025445
037001025445408
037001025445411
037001025502
037001025502004
037001025530
037001025534
037001025453
037001025457
037001025459
037001025459008
037001025490
037001025486
037001025446
037001025499
037001025499007
037001025512
037001025463
037001025500
037001025503
037001025504
037001025513
037001025465
037001025521
037001025522
037001025523
037001025524
037001025525
037001025526
037001025472
037001025472404
037001025469
037001025470
037001025471
037001025533
037001025533406
037001025531
037001025532
037001025473
037001025473417
037001025473418
037001025473419
037001025473420
037001025473416
037001025474
037001025474415
037001025474416
037001025474417
037001025478
037001025478401
037001025478432
037001025478405
037001025478409
037001025478435
037001025482
037001025482401
037001025482431
037001025482405
037001025482409
037001025482434
037001025480
037001025480401
037001025480434
037001025480405
037001025480409
037001025480437
037001025475
037001025475401
037001025475439
037001025475405
037001025475449
037001025475452
037001025484
037001025484004
037001025484009
037001025484010
037001025484011
037001025484012
037001025484020
037001025483
037001025483008
037001025483012
037001025483010
037001025483024
037001025483025
037001025483028
037001025479
037001025479401
037001025479432
037001025479405
037001025479409
037001025479434
037001025479443
037001025476
037001025476401
037001025476439
037001025476405
037001025476409
037001025476442
037001025476446
037001025477
037001025477401
037001025477433
037001025477405
037001025477409
037001025477436
037001025481
037001025481401
037001025481431
037001025481405
037001025481409
037001025481434