037001081401
037001081401410
037001081401415
037001081401416
037001081401417
037001081401418
037001081401420
037001081401421
037001081401426
037001081401423
037001081401424
037001081401425
037001081402
037001081403
037001081403409
037001081404
037001081404416
037001081404409
037001081405
037001081405406
037001081407
037001081517
037001081517006
037001081517007
037001081406
037001081408
037001081409
037001081409403
037001081409404
037001081409405
037001081411
037001081411404
037001081520
037001081521
037001081413
037001081414
037001081415
037001081510
037001081535
037001081536
037001081537
037001081538
037001081539
037001081540
037001081424
037001081424415
037001081426
037001081426421
037001081426421001
037001081426414
037001081426415
037001081452
037001081452419
037001081452427
037001081452418
037001081452425
037001081428
037001081428422
037001081428410
037001081428411
037001081428445
037001081428444
037001081428421
037001081428599
037001081428419
037001081428420
037001081428446
037001081428600
037001081428409
037001081428412
037001081428413
037001081428414
037001081428436
037001081428415
037001081428417
037001081428418
037001081428442
037001081428435
037001081428447
037001081428423
037001081428443
037001081428424
037001081428425
037001081428426
037001081428427
037001081428428
037001081428429
037001081428432
037001081428433
037001081428434
037001081428441
037001081428440
037001081428439
037001081428554
037001081428555
037001081428594
037001081428572
037001081428525
037001081428491
037001081428494
037001081428502
037001081428477
037001081428483
037001081428451
037001081428449
037001081428448
037001081428453
037001081428455
037001081428454
037001081428450
037001081428452
037001081428569
037001081428533
037001081428472
037001081428595
037001081428585
037001081428587
037001081428456
037001081428584
037001081428486
037001081428596
037001081428506
037001081428509
037001081428597
037001081428516
037001081428548
037001081428598
037001081428457
037001081428601
037001081428602
037001081428610
037001081428617
037001081428615
037001081428606
037001081428616
037001081428608
037001081428618
037001081428604
037001081428607
037001081428613
037001081428614
037001081428612
037001081428605
037001081428609
037001081428611
037001081428603
037001081429
037001081429404
037001081429405
037001081429406
037001081431
037001081431449
037001081431450
037001081431451
037001081431452
037001081431453
037001081431454
037001081431455
037001081431456
037001081431457
037001081431458
037001081431459
037001081431460
037001081431461
037001081431462
037001081431463
037001081431464
037001081431465
037001081431466
037001081431467
037001081431468
037001081431469
037001081431470
037001081431471
037001081431472
037001081431514
037001081431515
037001081431511
037001081433
037001081433406
037001081433407
037001081433408
037001081433409
037001081433411
037001081433417
037001081434
037001081434433
037001081434432
037001081434429
037001081434420
037001081434427
037001081434416
037001081434430
037001081434426
037001081434428
037001081434423
037001081434421
037001081434425
037001081434415
037001081434418
037001081434424
037001081434417
037001081434414
037001081434422
037001081434431
037001081434419
037001081434408
037001081434407
037001081434413
037001081435
037001081435411
037001081435415
037001081435416
037001081435417
037001081435414
037001081435412
037001081435425
037001081436
037001081436410
037001081436425
037001081436419
037001081436421
037001081436423
037001081436424
037001081436428
037001081438
037001081438435
037001081438405
037001081438408
037001081438437
037001081438407
037001081438410
037001081438409
037001081438418
037001081438417
037001081438424
037001081438428
037001081438420
037001081438425
037001081438423
037001081438427
037001081438419
037001081438411
037001081438414
037001081438412
037001081438421
037001081438416
037001081438413
037001081438426
037001081438415
037001081438422
037001081439
037001081439438
037001081439434
037001081439440
037001081439431
037001081439435
037001081439441
037001081439408
037001081439409
037001081439412
037001081439413
037001081439414
037001081439415
037001081439416
037001081439417
037001081439418
037001081439419
037001081439420
037001081440
037001081440405
037001081440407
037001081440419
037001081455
037001081455423
037001081455406
037001081455412
037001081455411
037001081455422
037001081455408
037001081455409
037001081455413
037001081455414
037001081455415
037001081455416
037001081455417
037001081455418
037001081455419
037001081455420
037001081455421
037001081449
037001081449406
037001081449407
037001081449409
037001081449410
037001081449412
037001081449413
037001081449415
037001081449416
037001081449417
037001081449420
037001081449421
037001081449422
037001081449423
037001081441
037001081441429
037001081441429401
037001081441429403
037001081441428
037001081441428401
037001081441428402
037001081441428403
037001081441424
037001081441407
037001081441408
037001081441410
037001081441411
037001081441412
037001081441413
037001081441414
037001081441415
037001081441416
037001081441418
037001081454
037001081454416
037001081454405
037001081454406
037001081454408
037001081454413
037001081454420
037001081454421
037001081442
037001081442424
037001081442405
037001081442406
037001081442407
037001081442408
037001081442409
037001081442411
037001081442425
037001081443
037001081443455
037001081443425
037001081443450
037001081443408
037001081443409
037001081443410
037001081443412
037001081443413
037001081443415
037001081443416
037001081443417
037001081443418
037001081443440
037001081443444
037001081443438
037001081443441
037001081443443
037001081443445
037001081443447
037001081443436
037001081443446
037001081443439
037001081443433
037001081443435
037001081443427
037001081443428
037001081443432
037001081443430
037001081443429
037001081443431
037001081443437
037001081443434
037001081443442
037001081516
037001081516012
037001081516013
037001081516014
037001081516015
037001081516016
037001081516017
037001081516018
037001081516019
037001081516020
037001081516021
037001081516022
037001081516023
037001081516024
037001081516025
037001081516026
037001081516027
037001081516011
037001081516028
037001081516029
037001081516030
037001081516008
037001081445
037001081445406
037001081446
037001081446409
037001081448
037001081448404
037001081448411
037001081526
037001081526002
037001081526003
037001081526046
037001081526004
037001081526018
037001081526005
037001081526006
037001081526007
037001081526008
037001081526009
037001081526010
037001081526011
037001081526013
037001081526014
037001081526015
037001081526019
037001081526021
037001081526023
037001081526025
037001081526012
037001081526024
037001081526020
037001081526016
037001081526043
037001081526044
037001081453
037001081453408
037001081453409
037001081523
037001081523004
037001081550
037001081550005
037001081525
037001081463
037001081463401
037001081463402
037001081465
037001081465401
037001081465402
037001081460
037001081460405
037001081460401
037001081460407
037001081522
037001081515
037001081513
037001081457
037001081458
037001081512
037001081462
037001081464
037001081468
037001081472
037001081474
037001081475
037001081476
037001081477
037001081514
037001081524
037001081528
037001081528005
037001081534
037001081511
037001081541
037001081542
037001081543
037001081544
037001081483
037001081483403
037001081486
037001081486406
037001081486407
037001081487
037001081487404
037001081484
037001081485
037001081545
037001081488
037001081488417
037001081488419
037001081488420
037001081488421
037001081488422
037001081488436
037001081488437
037001081489
037001081489422
037001081489423
037001081489424
037001081489425
037001081489426
037001081489427
037001081546
037001081546401
037001081546403
037001081546405
037001081546408
037001081493
037001081493402
037001081493403
037001081493404
037001081493406
037001081493409
037001081547
037001081547402
037001081547404
037001081547406
037001081547409
037001081548
037001081548402
037001081548403
037001081548405
037001081548408
037001081529
037001081529411
037001081529413
037001081529416
037001081529410
037001081495
037001081495401
037001081495405
037001081495407
037001081495409
037001081495432
037001081490
037001081490403
037001081490404
037001081490406
037001081490409
037001081490443
037001081549
037001081549401
037001081549403
037001081549405
037001081549408
037001081532
037001081532404
037001081532402
037001081532406
037001081532409
037001081532443
037001081491
037001081491403
037001081491404
037001081491406
037001081491409
037001081491424
037001081494
037001081494403
037001081494404
037001081494406
037001081494409
037001081494423
037001081530
037001081530402
037001081530404
037001081530409
037001081530406
037001081531
037001081531402
037001081531403
037001081531404
037001081531406
037001081531409
037001081533
037001081533403
037001081533404
037001081533406
037001081533409
037001081492
037001081492403
037001081492404
037001081492406
037001081492409
037001081492428
037001081497
037001081497401
037001081497403
037001081497404
037001081497407
037001081502
037001081502401
037001081502403
037001081502405
037001081502408
037001081509
037001081509402
037001081509408
037001081509409