037001006401
037001006401411
037001006401412
037001006401413
037001006401414
037001006401415
037001006401416
037001006401417
037001006401418
037001006402
037001006402411
037001006403
037001006404
037001006404403
037001006405
037001006405413
037001006405414
037001006405406
037001006406
037001006406407
037001006406406
037001006408
037001006408407
037001006409
037001006411
037001006413
037001006490
037001006490007
037001006490006
037001006414
037001006416
037001006417
037001006418
037001006419
037001006513
037001006514
037001006515
037001006516
037001006517
037001006518
037001006524
037001006420
037001006420409
037001006420416
037001006424
037001006424416
037001006424415
037001006424407
037001006424408
037001006427
037001006427413
037001006427411
037001006427409
037001006428
037001006428406
037001006428520
037001006428407
037001006428408
037001006428409
037001006428410
037001006428411
037001006428412
037001006428413
037001006428414
037001006428415
037001006428416
037001006428417
037001006428418
037001006428419
037001006428420
037001006428421
037001006428422
037001006428423
037001006428424
037001006428427
037001006428429
037001006428430
037001006428432
037001006428433
037001006428434
037001006428435
037001006428436
037001006428437
037001006428438
037001006428439
037001006428440
037001006428441
037001006428442
037001006428443
037001006428444
037001006428445
037001006428446
037001006428447
037001006428448
037001006428449
037001006428451
037001006428452
037001006428453
037001006428454
037001006428450
037001006428455
037001006428456
037001006428457
037001006428458
037001006428459
037001006428460
037001006428461
037001006428462
037001006428463
037001006428464
037001006428465
037001006428466
037001006428467
037001006428468
037001006428470
037001006428471
037001006428474
037001006428475
037001006428477
037001006428478
037001006428479
037001006428480
037001006428482
037001006428483
037001006428484
037001006428485
037001006428486
037001006428487
037001006428488
037001006428489
037001006428490
037001006428492
037001006428494
037001006428495
037001006428496
037001006428497
037001006428498
037001006428500
037001006428501
037001006428502
037001006428503
037001006428504
037001006428505
037001006428506
037001006428507
037001006428508
037001006428510
037001006428511
037001006428512
037001006428513
037001006428514
037001006428515
037001006428516
037001006428517
037001006428491
037001006428521
037001006428522
037001006428523
037001006428524
037001006428525
037001006428526
037001006428528
037001006428529
037001006428530
037001006428531
037001006428532
037001006428533
037001006428534
037001006428535
037001006428536
037001006428537
037001006428538
037001006428539
037001006429
037001006429406
037001006431
037001006432
037001006432407
037001006432408
037001006432409
037001006432410
037001006432411
037001006433
037001006433411
037001006433412
037001006433413
037001006433414
037001006433415
037001006433416
037001006433417
037001006433418
037001006433419
037001006433420
037001006433407
037001006433408
037001006433409
037001006434
037001006434409
037001006434411
037001006434412
037001006434413
037001006434414
037001006434415
037001006434416
037001006436
037001006436406
037001006436413
037001006436407
037001006436414
037001006436408
037001006436409
037001006436415
037001006436410
037001006436421
037001006437
037001006437407
037001006437408
037001006437409
037001006437410
037001006437412
037001006437414
037001006437415
037001006437413
037001006437416
037001006437417
037001006438
037001006438431
037001006438423
037001006438433
037001006438408
037001006438409
037001006438411
037001006438411002
037001006438424
037001006438412
037001006438425
037001006438413
037001006438414
037001006438416
037001006438420
037001006438421
037001006438407
037001006438429
037001006438432
037001006439
037001006439406
037001006440
037001006440405
037001006440406
037001006440407
037001006440409
037001006441
037001006441406
037001006441407
037001006441408
037001006441409
037001006441410
037001006441411
037001006441412
037001006441413
037001006441414
037001006441415
037001006441416
037001006441417
037001006441418
037001006441419
037001006441420
037001006441421
037001006441422
037001006442
037001006442406
037001006442407
037001006442408
037001006442411
037001006442414
037001006442415
037001006442416
037001006442417
037001006442418
037001006442419
037001006442420
037001006442434
037001006442428
037001006442429
037001006442430
037001006442431
037001006442432
037001006442433
037001006443
037001006443408
037001006443421
037001006443409
037001006443410
037001006443411
037001006443423
037001006443423401
037001006443423407
037001006443423408
037001006443423414
037001006443414
037001006443416
037001006443417
037001006443419
037001006443420
037001006443420001
037001006443424
037001006443424401
037001006443424402
037001006443424404
037001006443424410
037001006443424405
037001006443424406
037001006443424407
037001006443424408
037001006443424409
037001006443424416
037001006443422
037001006444
037001006444418
037001006444407
037001006444419
037001006444408
037001006444411
037001006444413
037001006444414
037001006444415
037001006444420
037001006446
037001006446407
037001006446408
037001006446409
037001006446412
037001006446413
037001006446418
037001006446425
037001006449
037001006449406
037001006449410
037001006449411
037001006451
037001006451403
037001006452
037001006452404
037001006452407
037001006495
037001006495010
037001006495011
037001006492
037001006492006
037001006492005
037001006492007
037001006500
037001006500006
037001006503
037001006503008
037001006503009
037001006503010
037001006503011
037001006503012
037001006503013
037001006503014
037001006503015
037001006503016
037001006503017
037001006503018
037001006506
037001006506031
037001006506027
037001006506013
037001006506029
037001006506008
037001006506009
037001006506010
037001006506014
037001006506015
037001006506012
037001006506017
037001006506021
037001006506018
037001006506019
037001006506023
037001006506020
037001006506024
037001006506022
037001006506025
037001006506026
037001006506030
037001006508
037001006508028
037001006508029
037001006508030
037001006508014
037001006508015
037001006508016
037001006508017
037001006508018
037001006508019
037001006508020
037001006508021
037001006508022
037001006508023
037001006508024
037001006508025
037001006508026
037001006508027
037001006491
037001006509
037001006458
037001006510
037001006459
037001006501
037001006512
037001006463
037001006463401
037001006463402
037001006463403
037001006463404
037001006465
037001006457
037001006502
037001006470
037001006519
037001006520
037001006521
037001006522
037001006471
037001006472
037001006528
037001006473
037001006473403
037001006474
037001006474405
037001006496
037001006496001
037001006496003
037001006475
037001006475415
037001006475416
037001006475417
037001006475418
037001006475419
037001006475422
037001006476
037001006476419
037001006476421
037001006476422
037001006476423
037001006477
037001006525
037001006525428
037001006525429
037001006525430
037001006525431
037001006525432
037001006525433
037001006525434
037001006478
037001006479
037001006480
037001006526
037001006526427
037001006526428
037001006526429
037001006526430
037001006526431
037001006526432
037001006526433
037001006527
037001006527426
037001006527427
037001006527428
037001006527429
037001006527430
037001006527431
037001006527432
037001006481
037001006481401
037001006481409
037001006481413
037001006481421
037001006481424
037001006484
037001006484401
037001006484413
037001006484409
037001006484421
037001006484424
037001006485
037001006485401
037001006485409
037001006485413
037001006485421
037001006485424